x = [0 18.4 49.6 56 67 95]
y = [27450 13200 3900 3150 2100 1160]
